0
-1
0
0
539
100
0
1
0
189
200
1
4
0
107
300
4
6
0
54
400
6
12
0
40
500
6
13
0
65
500
4
7
0
106
400
7
28
2
90
500
7
29
1
115
500
4
8
0
161
400
8
30
-2
139
500
8
31
1
164
500
8
32
-3
190
500
1
5
0
278
300
5
9
0
231
400
9
33
5
214
500
9
34
4
241
500
5
10
0
291
400
10
35
6
265
500
10
36
5
290
500
10
37
5
314
500
5
11
0
357
400
11
38
4
337
500
11
39
3
358
500
11
40
7
381
500
0
2
0
539
200
2
14
0
441
300
14
17
0
415
400
17
41
5
404
500
17
42
4
428
500
14
18
0
464
400
18
43
2
453
500
18
44
1
479
500
2
15
0
537
300
15
19
0
507
400
19
45
2
501
500
19
46
1
524
500
15
20
0
562
400
20
47
0
548
500
20
48
1
571
500
20
49
2
595
500
2
16
0
652
300
16
21
0
625
400
21
50
0
616
500
21
51
2
641
500
16
22
0
688
400
22
52
-2
664
500
22
53
1
687
500
22
54
0
711
500
0
3
0
814
200
3
23
0
768
300
23
25
0
746
400
25
55
2
734
500
25
56
-1
757
500
23
26
0
795
400
26
57
0
781
500
26
58
1
809
500
3
24
0
862
300
24
27
0
862
400
27
59
2
838
500
27
60
3
864
500
27
61
2
888
500
